3656 586 1 18
3638 911 1 33
3498 506 1 26
3358 876 1 11
3346 988 1 29
3510 351 1 5
3347 990 1 28
3507 682 1 21
3633 762 1 22
3326 981 1 22
3505 520 1 22
3481 1038 1 28
3326 984 1 29
3507 684 1 34
3343 734 1 20
3540 386 1 8
3357 874 1 10
3697 1000 1 29
3502 484 1 31
3409 931 1 27
3514 471 1 21
3343 734 1 20
3502 483 1 3
3502 514 1 8
3509 572 1 23
3491 471 1 27
3507 604 1 26
3545 327 1 18
3517 403 1 8
3547 576 1 29
3366 985 1 22
3549 591 1 20
3467 1113 1 19
3366 731 1 30
3476 703 1 21
3504 587 1 25
3468 403 1 7
3506 605 1 12
3509 666 1 17
3573 1251 1 21
3590 1313 1 17
3518 403 1 8
3347 984 1 17
3484 1003 1 17
3533 559 1 21
3697 993 1 34
3648 913 1 4
3501 622 1 3
3480 1036 1 17
3540 1048 1 21
3407 930 1 17
3479 349 1 13
3554 1227 1 23
3519 325 1 24
3379 969 1 21
3503 456 1 28
3302 869 1 31
3472 718 1 2
3334 717 1 21
3545 327 1 18
3484 1002 1 34
3428 405 1 17
3557 419 1 33
3450 338 1 34
3656 614 1 34
3480 393 1 26
3538 529 1 0
3455 1150 1 19
3372 1317 1 4
3498 521 1 26
3630 1325 1 18
3380 967 1 20
3498 1037 1 7
3326 978 1 3
3650 602 1 2
3468 357 1 32
3609 1317 1 17
3444 1184 1 18
3580 393 1 24
3515 304 1 34
3527 349 1 13
3482 403 1 8
3457 318 1 30
3321 863 1 3
3693 676 1 18
3491 471 1 27
3485 343 1 30
3541 686 1 28
3588 963 1 20
3445 1184 1 18
3458 335 1 1
3541 365 1 15
3641 1294 1 17
3504 395 1 26
3417 479 1 31
3637 936 1 30
3535 313 1 18
3547 641 1 25
3583 1288 1 30
3505 469 1 25
3446 417 1 32
3727 939 1 16
3693 677 1 18
3368 1069 1 18
3678 586 1 19
3466 967 1 13
3454 722 1 20
3423 389 1 27
3475 427 1 17
3314 1541 1 17
3545 629 1 26
3457 336 1 3
3531 527 1 34
3314 1559 1 21
3544 530 1 19
3550 1194 1 16
3673 898 1 5
3598 948 1 20
3470 403 1 35
3553 1084 1 17
3643 711 1 17
3362 642 1 16
3616 1332 1 10
3339 1309 1 33
3503 453 1 17
3513 549 1 17
3481 305 1 16
3479 337 1 35
3687 616 1 32
3501 709 1 17
3591 1305 1 14
3371 582 1 19
3650 912 1 3
3595 771 1 22
3374 862 1 17
3595 753 1 28
3711 901 1 10
3330 1285 1 18
3269 720 1 35
3579 391 1 24
3319 1555 1 22
3299 637 1 5
3619 1301 1 12
2188 688 1 1
1548 695 1 17
2138 633 1 2
1712 957 1 18
1562 1232 1 32
1077 583 1 2
1759 1248 1 23
1942 630 1 20
1664 748 1 9
2188 684 1 4
2134 1348 1 18
1837 1167 1 18
949 659 1 17
2121 643 1 29
1830 1204 1 17
1747 1225 1 18
936 624 1 17
967 590 1 17
1708 1199 1 34
2128 618 1 10
1606 922 1 30
1682 949 1 33
1688 669 1 25
1307 896 1 5
2187 691 1 0
2224 1332 1 32
1882 1126 1 5
1561 713 1 15
1086 591 1 12
1517 670 1 34
1778 1165 1 23
1318 885 1 31
1941 632 1 17
1429 821 1 19
1304 896 1 7
1010 590 1 17
2114 533 1 35
1545 1036 1 23
1328 891 1 13
1874 1048 1 31
1596 667 1 17
1299 975 1 16
1844 1130 1 18
1614 744 1 35
2117 666 1 23
1884 1117 1 17
2418 1231 1 15
1637 772 1 17
958 579 1 16
1685 703 1 34
1103 618 1 7
1641 1052 1 34
1689 1240 1 24
1085 657 1 18
2322 1172 1 5
1531 897 1 34
1073 837 1 34
2116 667 1 23
1095 894 1 1
1689 670 1 34
2150 665 1 6
1531 685 1 9
2306 1116 1 1
1697 964 1 35
819 1328 1 24
2195 1401 1 3
2146 563 1 28
1623 773 1 35
2328 1419 1 24
1517 669 1 34
949 587 1 3
2351 1352 1 17
1712 957 1 18
1747 1225 1 18
1685 951 1 21
1162 628 1 17
1409 904 1 14
1529 1494 1 17
1768 1204 1 23
1431 991 1 17
2322 1134 1 6
2260 1243 1 18
1593 905 1 19
1033 627 1 17
2395 1496 1 21
2339 1358 1 21
2178 1417 1 5
1197 973 1 7
1505 1226 1 2
1479 989 1 3
1636 1029 1 16
2351 1352 1 17
1789 812 1 19
1073 837 1 34
2244 1478 1 19
1121 837 1 33
1455 1058 1 17
2198 1445 1 9
2317 1448 1 21
2397 1210 1 19
2293 1231 1 18
2379 1500 1 22
1415 875 1 16
2416 1496 1 21
1520 672 1 21
1688 762 1 15
1231 1271 1 29
2039 514 1 31
1533 657 1 26
1018 660 1 35
1315 909 1 21
1519 962 1 17
898 1182 1 3
1685 704 1 34
2400 1208 1 19
1644 739 1 16
1310 936 1 29
1641 839 1 23
1662 942 1 12
2108 652 1 2
1875 1180 1 35
1318 809 1 34
2191 1386 1 15
1843 969 1 16
2138 636 1 4
967 590 1 17
1326 877 1 21
880 1167 1 21
2224 526 1 16
2179 1419 1 9
2131 1345 1 31
1132 593 1 35
2152 664 1 7
2086 1279 1 17
1549 659 1 1
1471 1494 1 11
2224 525 1 17
931 586 1 17
1644 1055 1 26
1838 1166 1 18
1559 671 1 16
1180 1024 1 5
1337 1098 1 15
1564 1076 1 34
2146 647 1 12
1413 1170 1 35
1086 591 1 12
2272 1473 1 17
2316 1448 1 13
2272 1474 1 17
1284 1191 1 33
2339 1357 1 34
1586 712 1 16
1600 1240 1 35
981 596 1 8
1481 816 1 27
1634 1032 1 26
1597 739 1 26
1623 977 1 8
1712 1094 1 13
1486 1494 1 11
2257 1245 1 1
1739 892 1 19
1587 918 1 19
2400 1071 1 32
1772 1201 1 23
2257 1140 1 17
1010 1247 1 19
1325 1120 1 18
948 659 1 17
1531 897 1 34
1004 667 1 23
1627 1241 1 24
1514 1166 1 21
1627 885 1 17
978 1137 1 17
2324 535 1 13
1754 1191 1 19
1071 666 1 30
1577 979 1 22
1540 1118 1 32
1645 739 1 16
1732 1128 1 21
1563 962 1 19
2245 622 1 18
1658 852 1 16
1386 1493 1 17
1843 1216 1 0
910 626 1 17
1613 781 1 26
1616 746 1 8
1579 1090 1 7
981 666 1 20
1232 926 1 11
1641 1052 1 17
1597 739 1 26
2098 1310 1 17
1515 1167 1 8
2380 1498 1 21
2162 637 1 8
1596 667 1 17
2133 1366 1 19
2325 1334 1 17
1430 993 1 17
1179 1028 1 12
1653 836 1 24
1225 919 1 4
1563 685 1 2
1670 894 1 15
1284 948 1 19
883 587 1 29
2430 1189 1 20
2285 1105 1 28
1302 1159 1 15
944 1346 1 26
1593 904 1 19
2177 564 1 24
2223 692 1 9
1393 897 1 17
1231 1272 1 17
1158 611 1 8
1324 976 1 12
1747 645 1 28
1077 1369 1 15
1016 1139 1 0
2264 1193 1 21
1335 1481 1 8
1092 940 1 0
892 1188 1 28
1003 632 1 23
2317 1167 1 22
1152 812 1 14
1481 816 1 27
1627 886 1 17
981 627 1 34
1638 772 1 17
967 630 1 30
1352 998 1 17
1333 1139 1 10
880 1167 1 21
2226 1329 1 23
1144 1143 1 20
2304 1141 1 3
1553 1006 1 11
2207 1148 1 0
1519 962 1 17
1523 990 1 25
1597 670 1 6
1282 1022 1 10
1841 972 1 6
2099 530 1 30
2324 1119 1 33
878 975 1 19
1183 1023 1 4
1745 1224 1 24
2203 1539 1 20
1990 569 1 26
2223 684 1 10
1507 1100 1 22
1146 597 1 28
1161 1040 1 24
1737 703 1 3
2129 1296 1 18
2353 1438 1 4
1643 740 1 8
1763 1225 1 0
1850 1183 1 22
1646 1248 1 10
1272 846 1 27
1204 1144 1 26
1077 610 1 16
2131 542 1 3
2282 580 1 28
1346 926 1 12
1871 1048 1 14
1776 1236 1 5
1362 1036 1 35
1944 629 1 20
1182 1330 1 17
1836 1114 1 24
1664 821 1 21
1329 904 1 15
2130 553 1 18
1827 1053 1 14
1571 992 1 23
1003 661 1 28
2083 1281 1 35
1622 772 1 34
1013 1244 1 1
1550 978 1 34
1249 815 1 4
2264 577 1 25
1359 865 1 20
1452 1188 1 32
2380 1440 1 16
2166 553 1 12
1429 822 1 18
1293 1033 1 2
1002 627 1 35
1512 979 1 35
2178 1539 1 26
2410 1223 1 4
1906 1073 1 33
1087 625 1 35
2261 1242 1 18
1781 1141 1 21
1554 981 1 30
1615 1235 1 10
1362 775 1 3
1438 1493 1 18
1563 685 1 2
2145 563 1 18
2118 1373 1 16
1346 1057 1 12
1508 1234 1 27
2231 1355 1 32
1462 1002 1 35
1760 981 1 28
1077 1375 1 16
1327 1122 1 17
2324 1235 1 35
1180 595 1 16
1299 975 1 16
1280 950 1 12
2293 1231 1 18
1710 1099 1 22
1301 1160 1 15
2347 1066 1 26
2082 528 1 17
2228 612 1 33
2343 1447 1 25
1187 959 1 34
2165 679 1 12
1426 955 1 27
2332 1435 1 34
1547 692 1 19
1559 960 1 33
1592 974 1 24
1719 713 1 24
2124 1317 1 17
976 664 1 11
2222 1362 1 6
1683 1185 1 31
1495 950 1 26
1182 1329 1 17
2355 1299 1 16
2354 1365 1 21
2135 565 1 31
1845 1129 1 18
1585 1080 1 3
874 1180 1 28
1394 896 1 18
1170 1013 1 23
1728 973 1 26
2307 1112 1 21
2292 571 1 15
2593 1705 1 10
3638 911 1 20
3638 911 1 21
3510 351 1 8
3326 984 1 22
3343 734 1 25
3502 484 1 23
3502 484 1 24
3343 734 1 25
3549 591 1 22
3467 1113 1 20
3366 731 1 17
3506 605 1 27
3484 1003 1 34
3540 1048 1 23
3479 349 1 11
3554 1227 1 22
3428 405 1 15
3380 967 1 19
3326 978 1 25
3444 1184 1 19
3580 393 1 25
3515 304 1 10
3321 863 1 24
3321 863 1 27
3458 335 1 0
3637 936 1 29
3547 641 1 29
3314 1541 1 19
3314 1559 1 32
3673 898 1 7
3470 403 1 7
3616 1332 1 6
3650 912 1 4
3330 1285 1 19
3299 637 1 8
1942 630 1 33
1837 1167 1 17
949 659 1 34
967 590 1 34
1103 618 1 8
1689 1240 1 28
2116 667 1 33
2395 1496 1 34
2178 1417 1 4
2178 1417 1 12
2244 1478 1 30
2293 1231 1 17
1520 672 1 26
1231 1271 1 30
1533 657 1 8
898 1182 1 10
2191 1386 1 2
2138 636 1 7
967 590 1 34
2224 526 1 15
2224 525 1 16
1564 1076 1 13
2146 647 1 25
2339 1357 1 3
1600 1240 1 18
2400 1071 1 31
2324 535 1 30
1732 1128 1 22
2245 622 1 17
910 626 1 34
981 666 1 28
2380 1498 1 22
2133 1366 1 18
1225 919 1 20
2285 1105 1 22
1231 1272 1 30
1152 812 1 31
1523 990 1 24
1282 1022 1 11
2203 1539 1 26
2223 684 1 3
1643 740 1 17
1850 1183 1 35
1272 846 1 26
1272 846 1 28
1204 1144 1 27
1003 661 1 30
1003 661 1 33
1013 1244 1 19
1249 815 1 5
1249 815 1 10
1359 865 1 33
1002 627 1 31
1438 1493 1 35
1077 1375 1 35
2293 1231 1 17
2347 1066 1 25
2347 1066 1 27
2082 528 1 22
1719 713 1 26
1495 950 1 24
2307 1112 1 32
