157 245 1 26
370 156 1 23
137 287 1 22
394 106 1 25
281 195 1 22
277 194 1 26
423 79 1 18
454 161 1 26
351 285 1 22
371 187 1 22
249 275 1 26
382 112 1 22
380 124 1 20
436 71 1 18
456 60 1 26
418 306 1 22
135 276 1 21
417 97 1 23
439 115 1 22
206 290 1 18
417 118 1 22
251 242 1 22
254 183 1 23
285 226 1 22
380 109 1 18
363 135 1 23
379 66 1 18
355 223 1 22
397 143 1 22
275 153 1 24
382 206 1 22
225 259 1 22
409 190 1 22
273 233 1 24
410 176 1 22
457 103 1 22
320 232 1 18
368 179 1 18
347 224 1 18
432 163 1 22
247 268 1 18
377 205 1 26
412 64 1 26
289 222 1 22
393 186 1 22
284 145 1 26
272 229 1 22
361 129 1 22
394 55 1 18
449 75 1 23
402 135 1 22
380 154 1 22
344 245 1 26
432 168 1 22
160 248 1 18
435 51 1 23
434 214 1 22
438 111 1 23
153 289 1 22
221 261 1 22
355 283 1 19
428 180 1 22
159 303 1 22
421 307 1 25
218 283 1 22
215 270 1 22
282 166 1 22
460 160 1 22
173 297 1 22
306 203 1 26
447 207 1 24
411 226 1 22
366 156 1 21
259 210 1 18
389 316 1 22
360 238 1 26
382 63 1 22
399 67 1 22
119 185 1 26
422 220 1 22
430 79 1 18
348 269 1 22
153 311 1 22
342 248 1 26
389 198 1 22
254 224 1 23
191 286 1 22
378 171 1 26
139 295 1 22
136 322 1 22
435 137 1 18
258 180 1 26
420 320 1 26
145 257 1 22
187 284 1 18
297 221 1 18
177 273 1 22
395 234 1 22
184 310 1 26
435 210 1 22
428 58 1 22
377 243 1 24
278 165 1 26
287 148 1 18
391 82 1 26
311 178 1 26
410 239 1 26
121 276 1 22
143 313 1 26
439 133 1 22
380 238 1 22
353 147 1 22
242 297 1 22
283 245 1 22
162 141 1 26
186 314 1 19
458 120 1 22
398 229 1 22
436 183 1 26
70 224 1 22
454 124 1 18
355 268 1 26
231 281 1 26
308 197 1 18
416 148 1 18
405 161 1 23
388 171 1 24
235 107 1 26
313 210 1 26
413 185 1 22
451 175 1 18
173 268 1 26
331 220 1 22
269 250 1 22
413 96 1 23
175 321 1 18
283 269 1 22
234 285 1 24
128 281 1 21
142 277 1 18
126 305 1 22
365 52 1 22
132 68 1 26
383 256 1 22
161 275 1 26
129 65 1 25
399 307 1 22
195 53 1 26
421 237 1 22
442 226 1 22
191 263 1 22
400 216 1 18
160 279 1 18
439 242 1 21
130 266 1 22
269 211 1 22
329 87 1 19
119 301 1 22
436 238 1 20
415 285 1 22
215 319 1 22
396 258 1 19
310 289 1 22
428 280 1 26
329 282 1 18
400 292 1 22
233 104 1 18
167 141 1 22
255 134 1 26
361 305 1 22
266 295 1 22
312 170 1 26
327 83 1 26
334 267 1 23
390 270 1 26
252 134 1 26
304 312 1 26
428 252 1 22
262 322 1 26
199 53 1 25
309 281 1 18
298 320 1 22
362 317 1 26
302 308 1 23
325 320 1 18
140 125 1 24
289 302 1 22
281 313 1 25
70 221 1 22
154 124 1 18
260 315 1 18
133 127 1 26
117 188 1 26
133 231 1 26
119 230 1 26
53 167 1 18
64 210 1 22
104 242 1 26
79 243 1 26
78 247 1 18
137 140 1 22
98 228 1 18
341 191 1 18
79 280 1 26
60 165 1 18
72 270 1 22
105 219 1 18
101 303 1 26
332 192 1 18
330 145 1 22
83 64 1 18
186 123 1 26
190 125 1 26
297 106 1 26
86 66 1 18
177 98 1 26
103 97 1 18
299 109 1 18
326 66 1 18
452 294 1 18
299 122 1 18
217 206 1 26
461 312 1 18
191 105 1 18
326 69 1 26
119 89 1 18
89 142 1 18
92 96 1 18
108 150 1 18
69 61 1 18
121 109 1 26
118 152 1 18
297 83 1 18
86 111 1 18
182 112 1 18
278 105 1 22
158 204 1 18
124 97 1 26
95 190 1 22
219 126 1 0
212 140 1 18
451 278 1 18
321 123 1 22
63 89 1 26
94 158 1 18
153 90 1 22
259 115 1 26
347 94 1 22
276 94 1 26
115 73 1 18
454 278 1 18
196 182 1 0
326 134 1 18
61 94 1 26
193 179 1 18
146 182 1 18
89 92 1 21
158 190 1 26
197 90 1 18
334 107 1 22
54 145 1 18
193 103 1 26
180 71 1 18
70 129 1 18
63 299 1 18
54 54 1 22
138 92 1 18
138 87 1 26
101 119 1 18
334 158 1 22
310 56 1 26
214 151 1 18
137 204 1 22
225 142 1 18
89 321 1 26
89 137 1 26
69 107 1 26
231 145 1 26
166 57 1 18
161 177 1 22
57 300 1 22
217 123 1 0
69 142 1 18
122 133 1 24
89 177 1 18
180 185 1 18
164 94 1 18
300 73 1 26
113 206 1 23
102 57 1 18
65 126 1 26
137 200 1 22
94 318 1 26
194 223 1 26
214 156 1 26
303 123 1 26
57 115 1 26
180 198 1 18
340 118 1 20
66 65 1 18
222 166 1 26
213 197 1 18
95 117 1 22
257 73 1 26
254 94 1 22
302 87 1 18
328 142 1 26
262 78 1 22
225 65 1 0
180 202 1 26
329 110 1 20
68 302 1 26
169 81 1 18
65 153 1 26
222 182 1 26
154 203 1 26
162 54 1 18
286 81 1 26
52 321 1 22
302 63 1 21
81 158 1 18
137 177 1 26
222 186 1 18
234 73 1 18
289 57 1 18
157 245 1 18
394 106 1 18
277 194 1 18
277 194 1 25
351 285 1 18
418 306 1 26
254 183 1 18
363 135 1 18
272 229 1 26
421 307 1 20
218 283 1 26
306 203 1 22
259 210 1 22
399 67 1 26
435 137 1 26
420 320 1 22
145 257 1 19
187 284 1 24
395 234 1 24
391 82 1 21
331 220 1 26
191 263 1 26
160 279 1 25
310 289 1 26
329 282 1 21
266 295 1 25
312 170 1 18
390 270 1 22
252 134 1 18
302 308 1 22
70 221 1 18
119 230 1 19
137 140 1 26
121 109 1 24
219 126 1 1
219 126 1 2
219 126 1 3
219 126 1 4
219 126 1 5
219 126 1 6
219 126 1 7
219 126 1 8
219 126 1 9
219 126 1 10
219 126 1 11
219 126 1 12
219 126 1 13
219 126 1 14
219 126 1 15
219 126 1 16
219 126 1 17
219 126 1 18
219 126 1 19
219 126 1 20
219 126 1 21
219 126 1 22
219 126 1 23
219 126 1 24
219 126 1 25
219 126 1 26
219 126 1 27
219 126 1 28
219 126 1 29
219 126 1 30
219 126 1 31
219 126 1 32
219 126 1 33
219 126 1 34
219 126 1 35
196 182 1 1
196 182 1 2
196 182 1 3
196 182 1 4
196 182 1 5
196 182 1 6
196 182 1 7
196 182 1 8
196 182 1 9
196 182 1 10
196 182 1 11
196 182 1 12
196 182 1 13
196 182 1 14
196 182 1 15
196 182 1 16
196 182 1 17
196 182 1 18
196 182 1 19
196 182 1 20
196 182 1 21
196 182 1 22
196 182 1 23
196 182 1 24
196 182 1 25
196 182 1 26
196 182 1 27
196 182 1 28
196 182 1 29
196 182 1 30
196 182 1 31
196 182 1 32
196 182 1 33
196 182 1 34
196 182 1 35
61 94 1 18
89 92 1 26
158 190 1 22
197 90 1 22
217 123 1 1
217 123 1 2
217 123 1 3
217 123 1 4
217 123 1 5
217 123 1 6
217 123 1 7
217 123 1 8
217 123 1 9
217 123 1 10
217 123 1 11
217 123 1 12
217 123 1 13
217 123 1 14
217 123 1 15
217 123 1 16
217 123 1 17
217 123 1 18
217 123 1 19
217 123 1 20
217 123 1 21
217 123 1 22
217 123 1 23
217 123 1 24
217 123 1 25
217 123 1 26
217 123 1 27
217 123 1 28
217 123 1 29
217 123 1 30
217 123 1 31
217 123 1 32
217 123 1 33
217 123 1 34
217 123 1 35
122 133 1 26
340 118 1 18
225 65 1 1
225 65 1 2
225 65 1 3
225 65 1 4
225 65 1 5
225 65 1 6
225 65 1 7
225 65 1 8
225 65 1 9
225 65 1 10
225 65 1 11
225 65 1 12
225 65 1 13
225 65 1 14
225 65 1 15
225 65 1 16
225 65 1 17
225 65 1 18
225 65 1 19
225 65 1 20
225 65 1 21
225 65 1 22
225 65 1 23
225 65 1 24
225 65 1 25
225 65 1 26
225 65 1 27
225 65 1 28
225 65 1 29
225 65 1 30
225 65 1 31
225 65 1 32
225 65 1 33
225 65 1 34
225 65 1 35
180 202 1 21
154 203 1 21
